Lista1 = 45,20,30,60,81,97,100,7,8,4
Lista2 = 15,6,18,3,7,16,20,4

                             45                                                                            45                 
                         20        60                                                                 30         60
                     7      30        81                          -->                               8    40         81
                  4    8                 97                                                       7                    97      
                                            100                                                 4                        100
             
             
                             15                                                                             15
                     6                18                                                            6            20
                3         7        16    20                       -->                            3      7      16
                  4                                                                            1   4 
